example/fused_HLSVIIRS_EVI2_T18TYN_2017.BIP.gz
example/HLS_EVI2_T18TYN_DDDDDDD.gz
32767
244
699960.000000
4800000.000000
18
example/VIIRS_EVI2.DDDDDDD.hHHvVV.BIP.gz
1
12
4
5
2016184 2016187 2016190 2016193 2016196 2016199 2016202 2016205 2016208 2016211 2016214 2016217 2016220 2016223 2016226 2016229 2016232 2016235 2016238 2016241 2016244 2016247 2016250 2016253 2016256 2016259 2016262 2016265 2016268 2016271 2016274 2016277 2016280 2016283 2016286 2016289 2016292 2016295 2016298 2016301 2016304 2016307 2016310 2016313 2016316 2016319 2016322 2016325 2016328 2016331 2016334 2016337 2016340 2016343 2016346 2016349 2016352 2016355 2016358 2016361 2016364 2017001 2017004 2017007 2017010 2017013 2017016 2017019 2017022 2017025 2017028 2017031 2017034 2017037 2017040 2017043 2017046 2017049 2017052 2017055 2017058 2017061 2017064 2017067 2017070 2017073 2017076 2017079 2017082 2017085 2017088 2017091 2017094 2017097 2017100 2017103 2017106 2017109 2017112 2017115 2017118 2017121 2017124 2017127 2017130 2017133 2017136 2017139 2017142 2017145 2017148 2017151 2017154 2017157 2017160 2017163 2017166 2017169 2017172 2017175 2017178 2017181 2017184 2017187 2017190 2017193 2017196 2017199 2017202 2017205 2017208 2017211 2017214 2017217 2017220 2017223 2017226 2017229 2017232 2017235 2017238 2017241 2017244 2017247 2017250 2017253 2017256 2017259 2017262 2017265 2017268 2017271 2017274 2017277 2017280 2017283 2017286 2017289 2017292 2017295 2017298 2017301 2017304 2017307 2017310 2017313 2017316 2017319 2017322 2017325 2017328 2017331 2017334 2017337 2017340 2017343 2017346 2017349 2017352 2017355 2017358 2017361 2017364 2018001 2018004 2018007 2018010 2018013 2018016 2018019 2018022 2018025 2018028 2018031 2018034 2018037 2018040 2018043 2018046 2018049 2018052 2018055 2018058 2018061 2018064 2018067 2018070 2018073 2018076 2018079 2018082 2018085 2018088 2018091 2018094 2018097 2018100 2018103 2018106 2018109 2018112 2018115 2018118 2018121 2018124 2018127 2018130 2018133 2018136 2018139 2018142 2018145 2018148 2018151 2018154 2018157 2018160 2018163 2018166 2018169 2018172 2018175 2018178 2018181
